123456
123465
123546
123564
123645
123654
124365
124356
124563
124536
124653
124635
125346
125364
125436
125463
125634
125643
126354
126345
126453
126435
126543
126534
132645
132654
132465
132456
132564
132546
134652
134625
134256
134265
134526
134562
135624
135642
135264
135246
135462
135426
136542
136524
136245
136254
136425
136452
142563
142536
142653
142635
142356
142365
143526
143562
143625
143652
143265
143256
145362
145326
145632
145623
145236
145263
146325
146352
146523
146532
146253
146235
152346
152364
152436
152463
152634
152643
153264
153246
153462
153426
153642
153624
154236
154263
154326
154362
154623
154632
156243
156234
156342
156324
156432
156423
162534
162543
162354
162345
162453
162435
163542
163524
163245
163254
163425
163452
164523
164532
164253
164235
164352
164325
165432
165423
165234
165243
165324
165342
216453
216435
216543
216534
216345
216354
213465
213456
213564
213546
213654
213645
214356
214365
214536
214563
214635
214653
215364
215346
215463
215436
215643
215634
236145
236154
236415
236451
236514
236541
231654
231645
231456
231465
231546
231564
234615
234651
234165
234156
234561
234516
235641
235614
235146
235164
235416
235461
246513
246531
246153
246135
246351
246315
241536
241563
241635
241653
241365
241356
243561
243516
243651
243615
243156
243165
245316
245361
245613
245631
245163
245136
256341
256314
256431
256413
256134
256143
251364
251346
251463
251436
251643
251634
253146
253164
253416
253461
253614
253641
254163
254136
254361
254316
254631
254613
265134
265143
265314
265341
265413
265431
261543
261534
261345
261354
261435
261453
263514
263541
263154
263145
263451
263415
264531
264513
264135
264153
264315
264351
315462
315426
315642
315624
315246
315264
316425
316452
316524
316542
316254
316245
312456
312465
312546
312564
312645
312654
314265
314256
314562
314526
314652
314625
325146
325164
325416
325461
325614
325641
326154
326145
326451
326415
326541
326514
321645
321654
321465
321456
321564
321546
324651
324615
324156
324165
324516
324561
345612
345621
345162
345126
345261
345216
346521
346512
346125
346152
346215
346251
341562
341526
341652
341625
341256
341265
342516
342561
342615
342651
342165
342156
354261
354216
354621
354612
354126
354162
356214
356241
356412
356421
356142
356124
351246
351264
351426
351462
351624
351642
352164
352146
352461
352416
352641
352614
364125
364152
364215
364251
364512
364521
365142
365124
365241
365214
365421
365412
361524
361542
361254
361245
361452
361425
362541
362514
362145
362154
362415
362451
413562
413526
413652
413625
413256
413265
415326
415362
415623
415632
415263
415236
416352
416325
416532
416523
416235
416253
412365
412356
412563
412536
412653
412635
423156
423165
423516
423561
423615
423651
425163
425136
425361
425316
425631
425613
426135
426153
426315
426351
426513
426531
421653
421635
421356
421365
421536
421563
432615
432651
432165
432156
432561
432516
435621
435612
435126
435162
435216
435261
436512
436521
436152
436125
436251
436215
431526
431562
431625
431652
431265
431256
452361
452316
452631
452613
452136
452163
453216
453261
453612
453621
453162
453126
456231
456213
456321
456312
456123
456132
451263
451236
451362
451326
451632
451623
462135
462153
462315
462351
462513
462531
463152
463125
463251
463215
463521
463512
465123
465132
465213
465231
465312
465321
461532
461523
461235
461253
461325
461352
512463
512436
512643
512634
512346
512364
513426
513462
513624
513642
513264
513246
514362
514326
514632
514623
514236
514263
516324
516342
516423
516432
516243
516234
521346
521364
521436
521463
521634
521643
523164
523146
523461
523416
523641
523614
524136
524163
524316
524361
524613
524631
526143
526134
526341
526314
526431
526413
531624
531642
531264
531246
531462
531426
532641
532614
532146
532164
532416
532461
534612
534621
534162
534126
534261
534216
536421
536412
536124
536142
536214
536241
541362
541326
541632
541623
541236
541263
542316
542361
542613
542631
542163
542136
543261
543216
543621
543612
543126
543162
546213
546231
546312
546321
546132
546123
561234
561243
561324
561342
561423
561432
562143
562134
562341
562314
562431
562413
563124
563142
563214
563241
563412
563421
564132
564123
564231
564213
564321
564312
615423
615432
615243
615234
615342
615324
612435
612453
612534
612543
612354
612345
613452
613425
613542
613524
613245
613254
614325
614352
614523
614532
614253
614235
625341
625314
625431
625413
625134
625143
621354
621345
621453
621435
621543
621534
623145
623154
623415
623451
623514
623541
624153
624135
624351
624315
624531
624513
635124
635142
635214
635241
635412
635421
631542
631524
631245
631254
631425
631452
632514
632541
632154
632145
632451
632415
634521
634512
634125
634152
634215
634251
645312
645321
645132
645123
645231
645213
641325
641352
641523
641532
641253
641235
642351
642315
642531
642513
642135
642153
643215
643251
643512
643521
643152
643125
654231
654213
654321
654312
654123
654132
651243
651234
651342
651324
651432
651423
652134
652143
652314
652341
652413
652431
653142
653124
653241
653214
653421
653412
