20
292 264 512
20
909 302 261
705 597 823
291 51 126
28 697 57
593 31 826
311 256 57
292 14 47
29 730 716
12 529 146
768 16 439
37 472 15
350 192 34
163 468 238
69 173 10
203 72 690
424 875 213
223 593 292
151 46 10
88 90 16
773 653 711
991 827 352
20
29 560 929
139 681 102
144 853 10
84 729 80
218 20 67
140 80 901
428 20 500
520 970 128
422 419 30
413 101 192
467 448 501
32 939 684
34 20 38
251 317 132
588 437 10
648 21 79
391 25 14
499 22 24
854 77 361
405 25 20
291 999 572
20
514 631 123
688 547 135
822 542 52
95 22 100
25 100 384
28 174 413
37 474 15
702 511 465
10 26 742
616 863 74
815 850 707
364 10 563
48 43 225
725 75 62
991 270 100
26 131 867
168 803 59
289 408 23
70 54 234
459 876 640
905 801 686
20
96 702 733
255 767 766
813 66 80
561 418 216
37 778 95
765 818 433
869 761 45
270 635 304
623 356 44
871 407 13
12 303 607
972 148 951
374 280 16
179 191 583
38 552 19
22 91 66
243 981 10
13 171 864
91 11 129
168 728 757
536 749 776
20
55 10 724
122 264 654
10 980 98
494 242 170
159 814 813
615 278 95
251 298 381
310 43 52
735 913 69
195 29 266
15 324 268
12 831 11
19 148 12
30 323 24
417 186 702
799 890 338
79 615 470
540 62 142
206 132 220
347 15 916
390 818 745
20
208 14 139
694 107 395
23 987 19
25 786 329
493 104 401
200 122 23
50 386 241
827 128 73
45 961 682
206 366 86
15 71 282
12 293 553
650 454 495
148 385 497
392 968 334
199 387 39
973 51 280
354 11 672
493 127 17
540 308 143
855 390 629
20
387 456 303
689 97 355
440 293 297
33 777 143
148 769 21
729 811 907
17 954 233
761 15 172
102 38 21
22 199 198
614 916 620
42 56 55
603 32 829
139 53 968
689 168 61
14 680 22
952 147 134
307 632 625
290 57 773
10 13 152
861 695 625
20
10 77 445
958 23 124
398 967 12
23 379 811
714 78 384
59 37 16
13 569 71
113 129 32
688 20 215
158 267 96
823 123 170
353 483 10
964 560 17
75 11 154
21 356 125
10 281 16
760 157 656
13 651 599
888 314 10
474 876 659
812 491 534
20
663 690 103
165 644 334
49 26 10
267 184 231
242 323 171
31 273 777
549 35 588
824 28 53
553 68 206
772 97 64
21 698 558
31 10 849
10 261 792
836 756 11
403 860 794
670 234 13
196 646 532
841 396 370
994 67 441
108 84 243
382 993 459
20
917 103 568
776 500 372
18 900 13
92 367 16
803 755 414
94 321 521
746 421 216
313 321 18
628 147 561
451 65 898
747 179 336
249 37 590
397 166 431
248 550 433
42 76 10
94 56 10
353 963 11
307 821 100
29 994 478
588 35 454
197 605 392
20
291 432 777
994 340 355
166 146 272
831 109 693
226 501 21
884 12 632
90 181 105
18 977 431
46 558 526
142 272 660
439 315 284
13 269 254
92 164 320
207 902 232
137 529 535
126 815 388
74 450 917
584 405 150
10 224 589
530 282 795
737 308 815
20
11 117 72
13 23 13
220 939 229
215 852 88
20 563 36
544 713 524
98 626 333
15 401 270
35 232 110
546 458 955
25 351 194
27 239 494
675 206 38
40 107 844
16 69 753
431 504 123
33 10 11
938 82 14
151 186 974
230 174 22
827 994 940
20
262 846 390
19 543 52
839 400 405
23 859 592
420 513 357
562 331 218
497 141 492
748 632 524
15 722 48
80 521 176
815 533 62
508 51 171
19 291 136
674 895 157
325 10 62
209 362 439
12 50 10
88 373 711
13 58 274
287 342 443
459 394 656
20
42 63 382
96 248 26
81 18 126
17 232 81
683 539 847
642 336 827
449 20 400
50 57 835
23 301 69
564 917 28
647 366 151
532 768 739
812 402 741
139 237 804
55 148 357
173 84 184
284 92 851
646 18 568
318 656 760
313 12 79
658 874 116
20
201 149 224
18 834 789
41 90 23
28 615 25
435 144 568
777 41 921
129 375 447
256 804 531
439 63 10
223 324 105
54 204 977
669 10 66
23 99 12
132 600 90
302 77 38
354 406 307
328 182 53
14 203 633
914 978 14
300 15 542
669 872 698
20
31 186 451
121 759 10
517 497 500
222 271 26
570 347 53
81 160 859
349 182 365
270 845 83
949 430 369
58 658 421
672 117 151
102 968 223
245 365 122
10 25 193
672 34 260
34 39 65
990 163 36
13 394 10
10 166 55
10 504 114
826 133 225
20
109 598 886
630 811 280
463 241 444
101 746 10
14 847 927
45 742 961
10 720 111
800 773 320
391 13 234
594 21 99
232 112 126
304 965 351
907 46 310
189 40 168
39 80 443
234 29 846
647 40 56
307 66 548
407 93 878
848 15 186
393 821 883
20
389 586 269
363 927 476
156 65 852
92 924 146
40 332 572
205 135 101
69 62 351
156 849 10
35 18 438
355 39 774
478 477 442
59 744 795
188 213 136
11 712 410
703 728 365
91 960 333
36 157 517
880 71 23
253 46 520
924 39 79
861 761 436
20
53 70 126
176 143 95
758 312 907
409 183 29
887 63 355
781 941 21
235 192 358
43 20 93
106 138 551
196 10 576
195 875 263
213 449 401
639 73 934
655 222 98
53 71 141
537 976 662
669 26 11
294 729 93
436 17 15
246 341 467
330 906 847
20
39 716 70
142 19 752
683 311 640
846 374 773
14 818 12
586 30 36
188 887 95
242 951 355
255 112 650
286 978 64
15 73 45
32 688 37
690 481 831
187 29 61
236 860 147
393 897 150
558 717 77
471 483 682
582 108 65
102 251 953


