114
7154
8308
7615
7692
8286
8692
7692
8000
8000
7143
7786
9143
7615
7429
7500
7929
8846
8643
8143
7714
7000
9538
8071
8000
6923
7000
7286
7929
7857
8714
8385
7357
8538
7071
8643
7143
8923
7786
7071
8642
7154
7769
8769
7385
6333
7000
6250
6846
7714
9692
6923
7462
8692
9071
8077
8385
7643
7500
8000
8462
9308
10000
7357
7385
7786
9000
9692
10000
8692
8000
8929
7846
9286
7923
8071
7846
7143
7308
7923
6385
7500
6923
9000
6846
7615
8492
8462
7231
8231
9000
6846
9143
6829
6846
8231
7615
10000
8231
8538
7571
9500
10000
7714
7857
9615
7615
6643
8214
7500
9500
8583
7500
8500
8857










