1 10.0
2 10.0
3 10.0
4 10.0
5 9.692
6 9.692
7 9.615
8 9.538
9 9.500
10 9.500
11 9.308
12 9.286
13 9.143
14 9.143
15 9.71
16 9.0
17 9.0
18 9.0
19 8.929
20 8.923
21 8.857
22 8.846
23 8.769
24 8.714
25 8.692
26 8.692
27 8.692
28 8.643
29 8.643
30 8.642
31 8.583
32 8.538
33 8.538
34 8.500
35 8.492
36 8.462
37 8.462
38 8.385
39 8.385
40 8.308
41 8.286
42 8.231
43 8.231
44 8.231
45 8.214
46 8.143
47 8.77
48 8.71
49 8.71
50 8.0
51 8.0
52 8.0
53 8.0
54 8.0
55 7.929
56 7.929
57 7.923
58 7.923
59 7.857
60 7.857
61 7.846
62 7.846
63 7.786
64 7.786
65 7.786
66 7.769
67 7.714
68 7.714
69 7.714
70 7.692
71 7.692
72 7.643
73 7.615
74 7.615
75 7.615
76 7.615
77 7.615
78 7.571
79 7.500
80 7.500
81 7.500
82 7.500
83 7.500
84 7.462
85 7.429
86 7.385
87 7.385
88 7.357
89 7.357
90 7.308
91 7.286
92 7.231
93 7.154
94 7.154
95 7.143
96 7.143
97 7.143
98 7.71
99 7.71
100 7.0
101 7.0
102 7.0
103 6.923
104 6.923
105 6.923
106 6.846
107 6.846
108 6.846
109 6.846
110 6.829
111 6.643
112 6.385
113 6.333
114 6.250
